RBF GLCM rerata 4 arah 
Gamma		C			Acc
1			5			59
1			4			60
1			3			61
1			2			61		<-
1			1			57
0.01		3			51
0.1			3			48
0.5			3			54
0.5			2			53
2			3			55
1.5			3			56
1.5			2			57
1.2			2			59
1.1			2			60
1.01		2			61

RBF GLCM arah 90
Gamma		C			Acc
1			4			63			
1			3			63
1			2.5			63
1			2			65		<-
1.01		2			65
1.05		2			65
1.1			2			64
1.5			2			60		
0.1			3			54
0.5			3			60
1.5			3			60
1.1			3			62
1.05		3			63
1.02		3			63
1.01		3			63

RBF GLCM arah 0
Gamma		C			Acc
1			2			43
1			3			41
1			1			46
1			0.5			50
1			0.1			51
1			0.05		51
1			0.01		51
1.5			0.1			48
0.1			0.1			52
0.01		0.1			54
0.05		0.1			55		<-
0.08		0.1			52
0.001		0.1			53		

RBF GLCM arah 45
Gamma		C			Acc
3			0.01		48
3			0.1			48
2			0.01		49
2			0.1			49
2			1			37
1			0.01		46
1			0.05		46
1			0.1			46
1			0.5			46		
1			1			41
1			2			36
1			3			34
0.1			0.1			51
0.1			0.01		51
0.01		0.01		55
0.01		0.1			55		<-
0.001		0.01		54

RBF GLCM arah 135
Gamma		C			Acc
0.1			2			52
1			2			59
1			2.5			56
1.5			2			56
2			2			55
1			3			57